# map name
new_map
# background music
m 11
# skybox texture
b 0
# vertex: x y
v 82 23
v 91 22
v 109 18
v 107 11
v 76 16
v 56 9
v 32 0
v 23 26
v 83 75
v 95 73
v 97 80
v 115 79
v 116 67
v 120 63
v 117 43
v 129 36
v 119 31
v 111 38
v 101 35
v 103 28
v 90 28
v 91 44
v 101 44
v 100 48
v 96 48
v 96 57
v 95 63
v 86 68
v 21 79
v 16 85
v 6 88
v 0 77
v 0 70
v 8 65
v 15 65
v 27 62
v 33 57
v 33 49
v 37 44
v 34 31
v 52 26
v 59 28
v 70 40
v 78 46
v 76 54
v 68 62
v 71 77
v 68 88
v 61 91
v 56 87
v 47 86
v 44 83
v 37 83
v 33 79
v 35 75
v 33 70
# sector: cl_h cl_tx fl_h fl_tx gravity roof type n-vtx n-tx
s 20 0 0 0 0 0 0 42 0 1 20 19 2 3 4 41 : 9 9 9 9 9 9 9 9 9
s 20 0 0 0 0 0 0 40 5 6 7 39 : 9 9 9 9 9
s 20 0 0 0 0 0 0 46 8 9 10 11 12 13 14 15 16 17 18 19 20 21 22 23 24 25 26 27 45 : 9 9 9 9 9 9 9 9 9 9 9 9 9 9 9 9 9 9 9 9 9 9
s 20 0 0 0 0 0 0 55 28 29 30 31 32 33 34 35 : 9 9 9 9 9 9 9 9 9
s 20 0 0 0 0 0 0 35 36 37 38 39 40 41 42 43 44 45 46 47 48 49 50 51 52 53 54 55 : 9 9 9 9 9 9 9 9 9 9 9 9 9 9 9 9 9 9 9 9 9
# object: x y sct ref iswpn
# entity: x y sct ref
# player: x y angle sct
