24,24
0000017,0000017,0000017,0002017,0003017,0004017,0005017,0001017,0000017,0000017,0000017,0000017,0000017,0000017,0000017,0000017,0000017,0000017,0000017,0000017,0000017,0000017,0000017 ,0000017
0000017,0000000,0000000,0000000,0000000,0000000,0000000,0000000,0000000,0000000,0000000,0000000,0000000,0000000,0000000,0000000,0000017,0000000,0000000,0000000,0000000,0000000,0000000,0000017
0000017,0000000,0000000,0000000,0000000,0000000,0000000,0000000,0000060,0000000,0000000,0000000,0000000,0000000,0000000,0000000,0000000,0000000,0000000,0000000,0000000,0000000,0000000,0000017
0000011,0000000,0000000,0000000,0000000,0000000,0000000,0000000,0000000,0000000,0000000,0000000,0000000,0000000,0000000,0000000,0000000,0000000,0000000,0000000,0000000,0000000,0000000,0000017
0000017,0000000,0000000,0000000,0001000,0000000,0000000,0000000,00000a0,0000000,0000000,0000000,0000000,0000000,0000000,0000000,0000017,0000000,0000000,0000000,0000000,0000000,0000000,0000017
0000017,0000000,0000000,0000000,0000017,0000000,0000000,0000000,0000000,0000012,0000013,0000013,0000014,0000014,0000012,0000016,0000017,0000017,0000000,0000017,0000017,0000017,0000017,0000017
0000017,0000000,0000017,0000000,0000000,0000000,0000000,0000000,0000000,0002011,0000000,0001011,0000000,0000016,0000000,0000014,0000017,0000000,0000000,0000000,0000017,0000017,0000017,0000017
0000017,0000000,0000000,0000000,0000000,0000000,0000000,0000015,0000000,0000000,0000000,0000000,0000000,0000000,0000000,0000015,0000017,0000000,0000000,0000000,0000000,0000000,0000000,0000017
0000017,0000000,0000000,0000000,0000000,0000000,0000000,0000000,0000000,0000000,0000000,0000000,0000000,0000000,0000000,0000000,0000000,0000000,0000000,0000000,0000017,0000017,0000017,0000017
0000017,0000021,0000000,0000000,0000000,0000000,0000000,0000015,0000000,0000000,0000000,0000000,0000000,0000000,0000000,0000015,0000017,0000000,0000000,0000000,0000000,0000000,0000000,0000017
0000017,0000000,0000000,0000000,0000000,0000000,0000000,0000014,0000000,0000000,0000000,0000000,0000000,0000000,0000000,0000014,0000017,0000000,0000000,0000000,0000017,0000017,0000017,0000017
0000017,0000000,0000021,0000000,0000000,0000000,0000000,0000013,0000013,0000012,0000015,0000000,0000015,0000012,0000012,0000013,0000017,0000017,0000017,0000017,0000017,0000017,0000017,0000017
0000017,0000016,0000016,0000016,0000016,0000016,0000016,0000016,0000016,0000016,0000016,0000000,0000016,0000016,0000016,0000016,0000016,0000016,0000016,0000016,0000016,0000016,0000016,0000017
0000017,0000000,0000000,0000000,0000000,0000000,0000000,0000000,0000000,0000000,0000000,0000000,0000000,0000000,0000000,0000000,0000000,0000000,0000000,0000000,0000000,0000000,0000000,0000017
0000017,0000016,0000016,0000016,0000016,0000016,0000000,0000016,0000016,0000016,0000016,0000000,0000016,0000016,0000016,0000016,0000016,0000016,0000016,0000016,0000016,0000016,0000016,0000017
0000017,0000014,0000014,0000014,0000014,0000014,0000000,0000014,0000014,0000014,0000016,0000000,0000016,0000012,0000012,0000012,0000012,0000012,0000012,0000012,0000013,0000013,0000013,0000017
0000017,0000000,0000000,0000000,0000000,0000000,0000000,0000000,0000000,0000014,0000016,0000000,0000016,0000012,0000000,0000000,0000000,0000000,0000000,0000012,0000000,0000000,0000000,0000017
0000017,0000000,0000000,0000000,0000000,0000000,0000000,0000000,0000000,0000000,0000000,0000000,0000016,0000012,0000000,0000000,0000015,0000000,0000000,0000012,0000000,0000000,0000000,0000017
0000017,0000000,0000000,0000000,0000000,0000000,0000000,0000000,0000000,0000014,0000016,0000000,0000016,0000012,0000000,0000000,0000000,0000000,0000000,0000012,0000012,0000000,0000012,0000017
0000017,0000000,0000016,0000000,0000016,0000000,0000000,0000000,0000000,0000014,0000016,0000000,0000000,0000000,0000000,0000000,0000015,0000000,0000000,0000000,0000000,0000000,0000000,0000017
0000017,0000000,0000000,0000015,0000000,0000000,0000000,0000000,0000000,0000014,0000016,0000000,0000016,0000012,0000000,0000000,0000000,0000000,0000000,0000012,0000012,0000000,0000012,0000017
0000017,0000000,0000016,0000000,0000016,0000000,0000000,0000000,0000000,0000014,0000016,0000000,0000016,0000012,0000000,0000000,0000015,0000000,0000000,0000012,0000000,0000000,0000000,0000017
0000017,0000000,0000000,0000000,0000000,0000000,0000000,0000000,0000000,0000000,0000000,0000000,0000000,0000000,0000000,0000000,0000000,0000000,0000000,0000000,0000000,0000000,0000000,0000000
0000017,0000017,0000017,0000017,0000017,0000017,0000017,0000017,0000017,0000017,0000017,0000017,0000017,0000017,0000017,0000017,0000017,0000017,0000017,0000017,0000017,0000017,0000017,0000017
