# map name
new_map
# background music
m 11
# skybox texture
b 0
# vertex: x y
v 38 31
v 33 30
v 32 25
v 25 28
v 25 38
v 22 42
v 19 38
v 10 38
v 7 36
v 6 33
v 1 35
v 3 51
v 2 61
v 0 63
v 0 66
v 7 68
v 10 75
v 26 75
v 30 88
v 47 81
v 37 70
v 41 69
v 43 68
v 33 58
v 48 52
v 44 43
v 72 24
v 72 26
v 74 30
v 72 38
v 63 39
v 61 46
v 68 48
v 69 58
v 74 57
v 73 50
v 87 48
v 89 51
v 101 43
v 88 30
v 96 23
v 81 19
v 82 14
v 73 12
v 81 6
v 60 6
v 51 0
v 42 15
v 45 22
v 43 30
v 51 38
v 56 32
v 64 29
v 61 19
v 71 17
# sector: cl_h cl_tx fl_h fl_tx gravity roof type n-vtx n-tx
s 20 0 0 0 0 0 0 : 49 0 1 2 3 4 5 6 7 8 9 10 11 12 13 14 15 16 17 18 19 20 21 22 23 24 25 50 : 9 9 9 9 9 9 9 9 9 9 9 9 9 9 9 9 9 9 9 9 9 9 9 9 9 9 9 9
s 20 0 0 0 0 0 0 : 54 26 27 28 29 30 31 32 33 34 35 36 37 38 39 40 41 42 43 : 9 9 9 9 9 9 9 9 9 9 9 9 9 9 9 9 9 9 9
s 20 0 0 0 0 0 0 : 43 44 45 46 47 48 49 50 51 52 53 54 : 9 9 9 9 9 9 9 9 9 9 9 9
# object: x y sct ref iswpn
o 18 67 0 11 0
o 16 61 0 13 0
o 9 57 0 12 0
# entity: x y sct ref
e 79 43 1 1
e 81 31 1 1
e 54 14 2 1
e 36 51 0 1
e 40 37 0 1
# player: x y angle sct
p 8 63 21 0
